00000000000000000000000000101011 00000000000000000000000000000011 11111111111111111111111101110111 11111111111111111111111111111011 00000000000000000000000000111110 00000000000000000000000000000010 00000000000000000000000000111011 11111111111111111111111111111001
00000000000000000000000000000001 00000000000000000000000000011011 11111111111111111111111111111010 11111111111111111111111111000110 00000000000000000000000000000100 00000000000000000000000000011100 00000000000000000000000000000111 11111111111111111111111110111001
11111111111111111111111111001001 11111111111111111111111111111111 00000000000000000000000010111011 00000000000000000000000000000110 11111111111111111111111110100110 11111111111111111111111111111100 11111111111111111111111110011101 00000000000000000000000000000101
11111111111111111111111111111101 11111111111111111111111111111110 00000000000000000000000000000111 00000000000000000000000000001100 11111111111111111111111111111110 11111111111111111111111111111000 00000000000000000000000000000001 00000000000000000000000000001010
00000000000000000000000000111010 00000000000000000000000000000011 11111111111111111111111100101000 11111111111111111111111111111011 00000000000000000000000001110000 00000000000000000000000000000010 00000000000000000000000010001110 11111111111111111111111111111001
00000000000000000000000000000001 00000000000000000000000001000001 11111111111111111111111111111010 11111111111111111111111101010111 00000000000000000000000000000100 00000000000000000000000001011010 00000000000000000000000000000111 11111111111111111111111101000011
11111111111111111111111111000010 11111111111111111111111111111111 00000000000000000000000011000100 00000000000000000000000000000110 11111111111111111111111110101000 11111111111111111111111111111100 11111111111111111111111110101110 00000000000000000000000000000101
11111111111111111111111111111101 11111111111111111111111110101110 00000000000000000000000000000111 00000000000000000000000011011011 11111111111111111111111111111110 11111111111111111111111110001010 00000000000000000000000000000001 00000000000000000000000011110010
00000000000000000000000000101011 00000000000000000000000000000011 11111111111111111111111101110111 11111111111111111111111111111011 00000000000000000000000000111110 00000000000000000000000000000010 00000000000000000000000000111011 11111111111111111111111111111001
00000000000000000000000000000001 00000000000000000000000000011011 11111111111111111111111111111010 11111111111111111111111111000110 00000000000000000000000000000100 00000000000000000000000000011100 00000000000000000000000000000111 11111111111111111111111110111001
11111111111111111111111111001001 11111111111111111111111111111111 00000000000000000000000010111011 00000000000000000000000000000110 11111111111111111111111110100110 11111111111111111111111111111100 11111111111111111111111110011101 00000000000000000000000000000101
11111111111111111111111111111101 11111111111111111111111111111110 00000000000000000000000000000111 00000000000000000000000000001100 11111111111111111111111111111110 11111111111111111111111111111000 00000000000000000000000000000001 00000000000000000000000000001010
00000000000000000000000000111010 00000000000000000000000000000011 11111111111111111111111100101000 11111111111111111111111111111011 00000000000000000000000001110000 00000000000000000000000000000010 00000000000000000000000010001110 11111111111111111111111111111001
00000000000000000000000000000001 00000000000000000000000001000001 11111111111111111111111111111010 11111111111111111111111101010111 00000000000000000000000000000100 00000000000000000000000001011010 00000000000000000000000000000111 11111111111111111111111101000011
11111111111111111111111111000010 11111111111111111111111111111111 00000000000000000000000011000100 00000000000000000000000000000110 11111111111111111111111110101000 11111111111111111111111111111100 11111111111111111111111110101110 00000000000000000000000000000101
11111111111111111111111111111101 11111111111111111111111110101110 00000000000000000000000000000111 00000000000000000000000011011011 11111111111111111111111111111110 11111111111111111111111110001010 00000000000000000000000000000001 00000000000000000000000011110010
00000000000000000000000000101011 00000000000000000000000000000011 11111111111111111111111101110111 11111111111111111111111111111011 00000000000000000000000000111110 00000000000000000000000000000010 00000000000000000000000000111011 11111111111111111111111111111001
00000000000000000000000000000001 00000000000000000000000000011011 11111111111111111111111111111010 11111111111111111111111111000110 00000000000000000000000000000100 00000000000000000000000000011100 00000000000000000000000000000111 11111111111111111111111110111001
11111111111111111111111111001001 11111111111111111111111111111111 00000000000000000000000010111011 00000000000000000000000000000110 11111111111111111111111110100110 11111111111111111111111111111100 11111111111111111111111110011101 00000000000000000000000000000101
11111111111111111111111111111101 11111111111111111111111111111110 00000000000000000000000000000111 00000000000000000000000000001100 11111111111111111111111111111110 11111111111111111111111111111000 00000000000000000000000000000001 00000000000000000000000000001010
00000000000000000000000000111010 00000000000000000000000000000011 11111111111111111111111100101000 11111111111111111111111111111011 00000000000000000000000001110000 00000000000000000000000000000010 00000000000000000000000010001110 11111111111111111111111111111001
00000000000000000000000000000001 00000000000000000000000001000001 11111111111111111111111111111010 11111111111111111111111101010111 00000000000000000000000000000100 00000000000000000000000001011010 00000000000000000000000000000111 11111111111111111111111101000011
11111111111111111111111111000010 11111111111111111111111111111111 00000000000000000000000011000100 00000000000000000000000000000110 11111111111111111111111110101000 11111111111111111111111111111100 11111111111111111111111110101110 00000000000000000000000000000101
11111111111111111111111111111101 11111111111111111111111110101110 00000000000000000000000000000111 00000000000000000000000011011011 11111111111111111111111111111110 11111111111111111111111110001010 00000000000000000000000000000001 00000000000000000000000011110010
00000000000000000000000000101011 00000000000000000000000000000011 11111111111111111111111101110111 11111111111111111111111111111011 00000000000000000000000000111110 00000000000000000000000000000010 00000000000000000000000000111011 11111111111111111111111111111001
00000000000000000000000000000001 00000000000000000000000000011011 11111111111111111111111111111010 11111111111111111111111111000110 00000000000000000000000000000100 00000000000000000000000000011100 00000000000000000000000000000111 11111111111111111111111110111001
11111111111111111111111111001001 11111111111111111111111111111111 00000000000000000000000010111011 00000000000000000000000000000110 11111111111111111111111110100110 11111111111111111111111111111100 11111111111111111111111110011101 00000000000000000000000000000101
11111111111111111111111111111101 11111111111111111111111111111110 00000000000000000000000000000111 00000000000000000000000000001100 11111111111111111111111111111110 11111111111111111111111111111000 00000000000000000000000000000001 00000000000000000000000000001010
00000000000000000000000000111010 00000000000000000000000000000011 11111111111111111111111100101000 11111111111111111111111111111011 00000000000000000000000001110000 00000000000000000000000000000010 00000000000000000000000010001110 11111111111111111111111111111001
00000000000000000000000000000001 00000000000000000000000001000001 11111111111111111111111111111010 11111111111111111111111101010111 00000000000000000000000000000100 00000000000000000000000001011010 00000000000000000000000000000111 11111111111111111111111101000011
11111111111111111111111111000010 11111111111111111111111111111111 00000000000000000000000011000100 00000000000000000000000000000110 11111111111111111111111110101000 11111111111111111111111111111100 11111111111111111111111110101110 00000000000000000000000000000101
11111111111111111111111111111101 11111111111111111111111110101110 00000000000000000000000000000111 00000000000000000000000011011011 11111111111111111111111111111110 11111111111111111111111110001010 00000000000000000000000000000001 00000000000000000000000011110010