Result Matrix D (A × B + C) in decimal:
[[  43    3 -137   -5   62    2   59   -7]
 [   1   27   -6  -58    4   28    7  -71]
 [ -55   -1  187    6  -90   -4  -99    5]
 [  -3   -2    7   12   -2   -8    1   10]
 [  58    3 -216   -5  112    2  142   -7]
 [   1   65   -6 -169    4   90    7 -189]
 [ -62   -1  196    6  -88   -4  -82    5]
 [  -3  -82    7  219   -2 -118    1  242]
 [  43    3 -137   -5   62    2   59   -7]
 [   1   27   -6  -58    4   28    7  -71]
 [ -55   -1  187    6  -90   -4  -99    5]
 [  -3   -2    7   12   -2   -8    1   10]
 [  58    3 -216   -5  112    2  142   -7]
 [   1   65   -6 -169    4   90    7 -189]
 [ -62   -1  196    6  -88   -4  -82    5]
 [  -3  -82    7  219   -2 -118    1  242]
 [  43    3 -137   -5   62    2   59   -7]
 [   1   27   -6  -58    4   28    7  -71]
 [ -55   -1  187    6  -90   -4  -99    5]
 [  -3   -2    7   12   -2   -8    1   10]
 [  58    3 -216   -5  112    2  142   -7]
 [   1   65   -6 -169    4   90    7 -189]
 [ -62   -1  196    6  -88   -4  -82    5]
 [  -3  -82    7  219   -2 -118    1  242]
 [  43    3 -137   -5   62    2   59   -7]
 [   1   27   -6  -58    4   28    7  -71]
 [ -55   -1  187    6  -90   -4  -99    5]
 [  -3   -2    7   12   -2   -8    1   10]
 [  58    3 -216   -5  112    2  142   -7]
 [   1   65   -6 -169    4   90    7 -189]
 [ -62   -1  196    6  -88   -4  -82    5]
 [  -3  -82    7  219   -2 -118    1  242]]