00111111110000000000000000000000
01000000001000000000000000000000
01000000101100000000000000000000
00111111110000000000000000000000
01000001000110000000000000000000
01000000011000000000000000000000
01000000111100000000000000000000
01000000100100000000000000000000
01000000001000000000000000000000
01000000110000000000000000000000
01000001000010000000000000000000
01000001001000000000000000000000
00111111110000000000000000000000
01000000011000000000000000000000
01000000111100000000000000000000
01000000101000000000000000000000
00111111110000000000000000000000
01000000001000000000000000000000
01000000101100000000000000000000
00111111110000000000000000000000
01000001000110000000000000000000
01000000011000000000000000000000
01000000111100000000000000000000
01000000100100000000000000000000
01000000001000000000000000000000
01000000110000000000000000000000
01000001000010000000000000000000
01000001001000000000000000000000
00111111110000000000000000000000
01000000011000000000000000000000
01000000111100000000000000000000
01000000101000000000000000000000
00111111110000000000000000000000
01000000001000000000000000000000
01000000101100000000000000000000
00111111110000000000000000000000
01000001000110000000000000000000
01000000011000000000000000000000
01000000111100000000000000000000
01000000100100000000000000000000
01000000001000000000000000000000
01000000110000000000000000000000
01000001000010000000000000000000
01000001001000000000000000000000
00111111110000000000000000000000
01000000011000000000000000000000
01000000111100000000000000000000
01000000101000000000000000000000
00111111110000000000000000000000
01000000001000000000000000000000
01000000101100000000000000000000
00111111110000000000000000000000
01000001000110000000000000000000
01000000011000000000000000000000
01000000111100000000000000000000
01000000100100000000000000000000
01000000001000000000000000000000
01000000110000000000000000000000
01000001000010000000000000000000
01000001001000000000000000000000
00111111110000000000000000000000
01000000011000000000000000000000
01000000111100000000000000000000
01000000101000000000000000000000
00111111110000000000000000000000
01000000001000000000000000000000
01000000101100000000000000000000
00111111110000000000000000000000
01000001000110000000000000000000
01000000011000000000000000000000
01000000111100000000000000000000
01000000100100000000000000000000
01000000001000000000000000000000
01000000110000000000000000000000
01000001000010000000000000000000
01000001001000000000000000000000
00111111110000000000000000000000
01000000011000000000000000000000
01000000111100000000000000000000
01000000101000000000000000000000
00111111110000000000000000000000
01000000001000000000000000000000
01000000101100000000000000000000
00111111110000000000000000000000
01000001000110000000000000000000
01000000011000000000000000000000
01000000111100000000000000000000
01000000100100000000000000000000
01000000001000000000000000000000
01000000110000000000000000000000
01000001000010000000000000000000
01000001001000000000000000000000
00111111110000000000000000000000
01000000011000000000000000000000
01000000111100000000000000000000
01000000101000000000000000000000
00111111110000000000000000000000
01000000001000000000000000000000
01000000101100000000000000000000
00111111110000000000000000000000
01000001000110000000000000000000
01000000011000000000000000000000
01000000111100000000000000000000
01000000100100000000000000000000
01000000001000000000000000000000
01000000110000000000000000000000
01000001000010000000000000000000
01000001001000000000000000000000
00111111110000000000000000000000
01000000011000000000000000000000
01000000111100000000000000000000
01000000101000000000000000000000
00111111110000000000000000000000
01000000001000000000000000000000
01000000101100000000000000000000
00111111110000000000000000000000
01000001000110000000000000000000
01000000011000000000000000000000
01000000111100000000000000000000
01000000100100000000000000000000
01000000001000000000000000000000
01000000110000000000000000000000
01000001000010000000000000000000
01000001001000000000000000000000
00111111110000000000000000000000
01000000011000000000000000000000
01000000111100000000000000000000
01000000101000000000000000000000
00111111110000000000000000000000
01000000001000000000000000000000
01000000101100000000000000000000
00111111110000000000000000000000
01000001000110000000000000000000
01000000011000000000000000000000
01000000111100000000000000000000
01000000100100000000000000000000
01000000001000000000000000000000
01000000110000000000000000000000
01000001000010000000000000000000
01000001001000000000000000000000
00111111110000000000000000000000
01000000011000000000000000000000
01000000111100000000000000000000
01000000101000000000000000000000
00111111110000000000000000000000
01000000001000000000000000000000
01000000101100000000000000000000
00111111110000000000000000000000
01000001000110000000000000000000
01000000011000000000000000000000
01000000111100000000000000000000
01000000100100000000000000000000
01000000001000000000000000000000
01000000110000000000000000000000
01000001000010000000000000000000
01000001001000000000000000000000
00111111110000000000000000000000
01000000011000000000000000000000
01000000111100000000000000000000
01000000101000000000000000000000
00111111110000000000000000000000
01000000001000000000000000000000
01000000101100000000000000000000
00111111110000000000000000000000
01000001000110000000000000000000
01000000011000000000000000000000
01000000111100000000000000000000
01000000100100000000000000000000
01000000001000000000000000000000
01000000110000000000000000000000
01000001000010000000000000000000
01000001001000000000000000000000
00111111110000000000000000000000
01000000011000000000000000000000
01000000111100000000000000000000
01000000101000000000000000000000
00111111110000000000000000000000
01000000001000000000000000000000
01000000101100000000000000000000
00111111110000000000000000000000
01000001000110000000000000000000
01000000011000000000000000000000
01000000111100000000000000000000
01000000100100000000000000000000
01000000001000000000000000000000
01000000110000000000000000000000
01000001000010000000000000000000
01000001001000000000000000000000
00111111110000000000000000000000
01000000011000000000000000000000
01000000111100000000000000000000
01000000101000000000000000000000
00111111110000000000000000000000
01000000001000000000000000000000
01000000101100000000000000000000
00111111110000000000000000000000
01000001000110000000000000000000
01000000011000000000000000000000
01000000111100000000000000000000
01000000100100000000000000000000
01000000001000000000000000000000
01000000110000000000000000000000
01000001000010000000000000000000
01000001001000000000000000000000
00111111110000000000000000000000
01000000011000000000000000000000
01000000111100000000000000000000
01000000101000000000000000000000
00111111110000000000000000000000
01000000001000000000000000000000
01000000101100000000000000000000
00111111110000000000000000000000
01000001000110000000000000000000
01000000011000000000000000000000
01000000111100000000000000000000
01000000100100000000000000000000
01000000001000000000000000000000
01000000110000000000000000000000
01000001000010000000000000000000
01000001001000000000000000000000
00111111110000000000000000000000
01000000011000000000000000000000
01000000111100000000000000000000
01000000101000000000000000000000
00111111110000000000000000000000
01000000001000000000000000000000
01000000101100000000000000000000
00111111110000000000000000000000
01000001000110000000000000000000
01000000011000000000000000000000
01000000111100000000000000000000
01000000100100000000000000000000
01000000001000000000000000000000
01000000110000000000000000000000
01000001000010000000000000000000
01000001001000000000000000000000
00111111110000000000000000000000
01000000011000000000000000000000
01000000111100000000000000000000
01000000101000000000000000000000
00111111110000000000000000000000
01000000001000000000000000000000
01000000101100000000000000000000
00111111110000000000000000000000
01000001000110000000000000000000
01000000011000000000000000000000
01000000111100000000000000000000
01000000100100000000000000000000
01000000001000000000000000000000
01000000110000000000000000000000
01000001000010000000000000000000
01000001001000000000000000000000
00111111110000000000000000000000
01000000011000000000000000000000
01000000111100000000000000000000
01000000101000000000000000000000
