[[ 7  5  7  5  6  6  6  6  7  6  7  7  7  6  7  7  7  5  7  7  7  5  7  7
   7  4  7  7  7  4  7  7]
 [ 7  7  7  6  7  6  7  7  7  7  7  6  7  7  7  6  7  7  7  5  7  7  7  5
   7  7  7  4  7  7  7  4]
 [ 7 -1  7  0  7  0  7 -1  7  0  7  0  7 -1  7 -1  7  0  7  0  7 -2  7 -2
   7  0  7  0  7 -3  7 -3]
 [ 0  7  0  7  1  6  1  6  1  6  1  6  0  7  0  7  2  5  2  5  0  7  0  7
   3  4  3  4  0  7  0  7]
 [ 7  6  7  6  7  7  7  7  7  6  7  7  7  6  7  7  7  5  7  7  7  5  7  7
   7  4  7  7  7  4  7  7]
 [ 7  7  7  6  7  6  7  7  7  7  7  6  7  7  7  6  7  7  7  5  7  7  7  5
   7  7  7  4  7  7  7  4]
 [ 7  6  7  7  7  7  7  6  7  7  7  7  7  6  7  6  7  7  7  7  7  5  7  5
   7  7  7  7  7  4  7  4]
 [ 7  7  7  7  7  6  7  6  7  6  7  6  7  7  7  7  7  5  7  5  7  7  7  7
   7  4  7  4  7  7  7  7]]
