Result Matrix D (A × B + C) in decimal:
[[ 7  5  7  5  6  6  6  6 13 14 12 15 13 14 12 15 11  7  9  9 11  7  9  9
  15  9 12 12 15  9 12 12]
 [ 9  9 10  8 10  8  9  9  9 18 10 17  9 18 10 17 18  9 20  7 18  9 20  7
  18 27 21 24 18 27 21 24]
 [19 -1 18  0 18  0 19 -1 32  0 32  0 33 -1 33 -1 29  0 29  0 31 -2 31 -2
  36  0 36  0 39 -3 39 -3]
 [ 0 18  0 18  1 17  1 17  1 42  1 42  0 43  0 43  2 23  2 23  0 25  0 25
   3 37  3 37  0 40  0 40]
 [11  9 11  9 10 10 10 10 31 29 30 30 31 29 30 30 12 18 10 20 12 18 10 20
  23  7 20 10 23  7 20 10]
 [13 13 14 12 14 12 13 13 31 35 32 34 31 35 32 34 17 22 19 20 17 22 19 20
  26 21 29 18 26 21 29 18]
 [15 13 14 14 14 14 15 13 28 35 28 35 29 34 29 34 21 21 21 21 23 19 23 19
  28 28 28 28 31 25 31 25]
 [20 20 20 20 21 19 21 19 45 51 45 51 44 52 44 52 30 30 30 30 28 32 28 32
  43 33 43 33 40 36 40 36]]
