0011110000000000
0100000000000000
0100001000000000
0100010000000000
0100010100000000
0100011000000000
0100011100000000
0100100000000000
0100100010000000
0100100100000000
0100100110000000
0100101000000000
0100101010000000
0100101100000000
0100101110000000
0100110000000000
0100110001000000 
0100110010000000
0100110011000000
0100110100000000
0100110101000000
0100110110000000
0100110111000000
0100111000000000
0100111001000000
0100111010000000
0100111011000000 
0100111100000000
0100111101000000
0100111110000000
0100111111000000
0101000000000000
0011110000000000
0100000000000000
0100001000000000
0100010000000000
0100010100000000
0100011000000000
0100011100000000
0100100000000000
0100100010000000
0100100100000000
0100100110000000
0100101000000000
0100101010000000
0100101100000000
0100101110000000
0100110000000000
0100110001000000 
0100110010000000
0100110011000000
0100110100000000
0100110101000000
0100110110000000
0100110111000000
0100111000000000
0100111001000000
0100111010000000
0100111011000000 
0100111100000000
0100111101000000
0100111110000000
0100111111000000
0101000000000000
0011110000000000
0100000000000000
0100001000000000
0100010000000000
0100010100000000
0100011000000000
0100011100000000
0100100000000000
0100100010000000
0100100100000000
0100100110000000
0100101000000000
0100101010000000
0100101100000000
0100101110000000
0100110000000000
0100110001000000 
0100110010000000
0100110011000000
0100110100000000
0100110101000000
0100110110000000
0100110111000000
0100111000000000
0100111001000000
0100111010000000
0100111011000000 
0100111100000000
0100111101000000
0100111110000000
0100111111000000
0101000000000000
0011110000000000
0100000000000000
0100001000000000
0100010000000000
0100010100000000
0100011000000000
0100011100000000
0100100000000000
0100100010000000
0100100100000000
0100100110000000
0100101000000000
0100101010000000
0100101100000000
0100101110000000
0100110000000000
0100110001000000 
0100110010000000
0100110011000000
0100110100000000
0100110101000000
0100110110000000
0100110111000000
0100111000000000
0100111001000000
0100111010000000
0100111011000000 
0100111100000000
0100111101000000
0100111110000000
0100111111000000
0101000000000000