01000101100010000000110000000000
01000101100000111101010000000000
01000101011111110101100000000000
01000101011101101001100000000000
01000101011011101001100000000000
01000101011001011011100000000000
01000101010111010111100000000000
01000101010101001100100000000000
01000101010011000010100000000000
01000101010000111110000000000000
01000101001110111000100000000000
01000101001100110010000000000000
01000101001010100001100000000000
01000101001000011011100000000000
01000101000110010111100000000000
01000101000100001101000000000000
01000101000010000001100000000000
01000100111111111011000000000000
01000100111011101011000000000000
01000100110111010011000000000000
01000100110011010011000000000000
01000100101110110111000000000000
01000100101010101111000000000000
01000100100110011001000000000000
01000100100010000101000000000000
01000100011011111000000000000000
01000100010011100010000000000000
01000100001011001000000000000000
01000100000010000110000000000000
01000011110011011100000000000000
01000011100010111100000000000000
01000011000011010000000000000000
01000110010001000000011000000000
01000110001111011110101000000000
01000110001101111101011000000000
01000110001100011010011000000000
01000110001010111010011000000000
01000110001001010110111000000000
01000110000111110101111000000000
01000110000110010011001000000000
01000110000100110000101000000000
01000110000011001111100000000000
01000110000001101110001000000000
01000110000000001100100000000000
01000101111101010000110000000000
01000101111010001101110000000000
01000101110111001011110000000000
01000101110100000110100000000000
01000101110001000000110000000000
01000101101101111101010000000000
01000101101010111010110000000000
01000101100111110100110000000000
01000101100100110100110000000000
01000101100001101101110000000000
01000101011101010111100000000000
01000101010111001100100000000000
01000101010001000010100000000000
01000101001010111110000000000000
01000101000100111000100000000000
01000100111101100100000000000000
01000100110001000011000000000000
01000100100100110111000000000000
01000100010001011110000000000000
01000011110001101000000000000000
01000101100010000000110000000000
01000101100000111101010000000000
01000101011111110101100000000000
01000101011101101001100000000000
01000101011011101001100000000000
01000101011001011011100000000000
01000101010111010111100000000000
01000101010101001100100000000000
01000101010011000010100000000000
01000101010000111110000000000000
01000101001110111000100000000000
01000101001100110010000000000000
01000101001010100001100000000000
01000101001000011011100000000000
01000101000110010111100000000000
01000101000100001101000000000000
01000101000010000001100000000000
01000100111111111011000000000000
01000100111011101011000000000000
01000100110111010011000000000000
01000100110011010011000000000000
01000100101110110111000000000000
01000100101010101111000000000000
01000100100110011001000000000000
01000100100010000101000000000000
01000100011011111000000000000000
01000100010011100010000000000000
01000100001011001000000000000000
01000100000010000110000000000000
01000011110011011100000000000000
01000011100010111100000000000000
01000011000011010000000000000000
01000110010001000000011000000000
01000110001111011110101000000000
01000110001101111101011000000000
01000110001100011010011000000000
01000110001010111010011000000000
01000110001001010110111000000000
01000110000111110101111000000000
01000110000110010011001000000000
01000110000100110000101000000000
01000110000011001111100000000000
01000110000001101110001000000000
01000110000000001100100000000000
01000101111101010000110000000000
01000101111010001101110000000000
01000101110111001011110000000000
01000101110100000110100000000000
01000101110001000000110000000000
01000101101101111101010000000000
01000101101010111010110000000000
01000101100111110100110000000000
01000101100100110100110000000000
01000101100001101101110000000000
01000101011101010111100000000000
01000101010111001100100000000000
01000101010001000010100000000000
01000101001010111110000000000000
01000101000100111000100000000000
01000100111101100100000000000000
01000100110001000011000000000000
01000100100100110111000000000000
01000100010001011110000000000000
01000011110001101000000000000000
01000101100010000000110000000000
01000101100000111101010000000000
01000101011111110101100000000000
01000101011101101001100000000000
01000101011011101001100000000000
01000101011001011011100000000000
01000101010111010111100000000000
01000101010101001100100000000000
01000101010011000010100000000000
01000101010000111110000000000000
01000101001110111000100000000000
01000101001100110010000000000000
01000101001010100001100000000000
01000101001000011011100000000000
01000101000110010111100000000000
01000101000100001101000000000000
01000101000010000001100000000000
01000100111111111011000000000000
01000100111011101011000000000000
01000100110111010011000000000000
01000100110011010011000000000000
01000100101110110111000000000000
01000100101010101111000000000000
01000100100110011001000000000000
01000100100010000101000000000000
01000100011011111000000000000000
01000100010011100010000000000000
01000100001011001000000000000000
01000100000010000110000000000000
01000011110011011100000000000000
01000011100010111100000000000000
01000011000011010000000000000000
01000110010001000000011000000000
01000110001111011110101000000000
01000110001101111101011000000000
01000110001100011010011000000000
01000110001010111010011000000000
01000110001001010110111000000000
01000110000111110101111000000000
01000110000110010011001000000000
01000110000100110000101000000000
01000110000011001111100000000000
01000110000001101110001000000000
01000110000000001100100000000000
01000101111101010000110000000000
01000101111010001101110000000000
01000101110111001011110000000000
01000101110100000110100000000000
01000101110001000000110000000000
01000101101101111101010000000000
01000101101010111010110000000000
01000101100111110100110000000000
01000101100100110100110000000000
01000101100001101101110000000000
01000101011101010111100000000000
01000101010111001100100000000000
01000101010001000010100000000000
01000101001010111110000000000000
01000101000100111000100000000000
01000100111101100100000000000000
01000100110001000011000000000000
01000100100100110111000000000000
01000100010001011110000000000000
01000011110001101000000000000000
01000101100010000000110000000000
01000101100000111101010000000000
01000101011111110101100000000000
01000101011101101001100000000000
01000101011011101001100000000000
01000101011001011011100000000000
01000101010111010111100000000000
01000101010101001100100000000000
01000101010011000010100000000000
01000101010000111110000000000000
01000101001110111000100000000000
01000101001100110010000000000000
01000101001010100001100000000000
01000101001000011011100000000000
01000101000110010111100000000000
01000101000100001101000000000000
01000101000010000001100000000000
01000100111111111011000000000000
01000100111011101011000000000000
01000100110111010011000000000000
01000100110011010011000000000000
01000100101110110111000000000000
01000100101010101111000000000000
01000100100110011001000000000000
01000100100010000101000000000000
01000100011011111000000000000000
01000100010011100010000000000000
01000100001011001000000000000000
01000100000010000110000000000000
01000011110011011100000000000000
01000011100010111100000000000000
01000011000011010000000000000000
01000110010001000000011000000000
01000110001111011110101000000000
01000110001101111101011000000000
01000110001100011010011000000000
01000110001010111010011000000000
01000110001001010110111000000000
01000110000111110101111000000000
01000110000110010011001000000000
01000110000100110000101000000000
01000110000011001111100000000000
01000110000001101110001000000000
01000110000000001100100000000000
01000101111101010000110000000000
01000101111010001101110000000000
01000101110111001011110000000000
01000101110100000110100000000000
01000101110001000000110000000000
01000101101101111101010000000000
01000101101010111010110000000000
01000101100111110100110000000000
01000101100100110100110000000000
01000101100001101101110000000000
01000101011101010111100000000000
01000101010111001100100000000000
01000101010001000010100000000000
01000101001010111110000000000000
01000101000100111000100000000000
01000100111101100100000000000000
01000100110001000011000000000000
01000100100100110111000000000000
01000100010001011110000000000000
01000011110001101000000000000000
01000101100010000000110000000000
01000101100000111101010000000000
01000101011111110101100000000000
01000101011101101001100000000000
01000101011011101001100000000000
01000101011001011011100000000000
01000101010111010111100000000000
01000101010101001100100000000000
01000101010011000010100000000000
01000101010000111110000000000000
01000101001110111000100000000000
01000101001100110010000000000000
01000101001010100001100000000000
01000101001000011011100000000000
01000101000110010111100000000000
01000101000100001101000000000000
01000101000010000001100000000000
01000100111111111011000000000000
01000100111011101011000000000000
01000100110111010011000000000000
01000100110011010011000000000000
01000100101110110111000000000000
01000100101010101111000000000000
01000100100110011001000000000000
01000100100010000101000000000000
01000100011011111000000000000000
01000100010011100010000000000000
01000100001011001000000000000000
01000100000010000110000000000000
01000011110011011100000000000000
01000011100010111100000000000000
01000011000011010000000000000000
01000110010001000000011000000000
01000110001111011110101000000000
01000110001101111101011000000000
01000110001100011010011000000000
01000110001010111010011000000000
01000110001001010110111000000000
01000110000111110101111000000000
01000110000110010011001000000000
01000110000100110000101000000000
01000110000011001111100000000000
01000110000001101110001000000000
01000110000000001100100000000000
01000101111101010000110000000000
01000101111010001101110000000000
01000101110111001011110000000000
01000101110100000110100000000000
01000101110001000000110000000000
01000101101101111101010000000000
01000101101010111010110000000000
01000101100111110100110000000000
01000101100100110100110000000000
01000101100001101101110000000000
01000101011101010111100000000000
01000101010111001100100000000000
01000101010001000010100000000000
01000101001010111110000000000000
01000101000100111000100000000000
01000100111101100100000000000000
01000100110001000011000000000000
01000100100100110111000000000000
01000100010001011110000000000000
01000011110001101000000000000000
01000101100010000000110000000000
01000101100000111101010000000000
01000101011111110101100000000000
01000101011101101001100000000000
01000101011011101001100000000000
01000101011001011011100000000000
01000101010111010111100000000000
01000101010101001100100000000000
01000101010011000010100000000000
01000101010000111110000000000000
01000101001110111000100000000000
01000101001100110010000000000000
01000101001010100001100000000000
01000101001000011011100000000000
01000101000110010111100000000000
01000101000100001101000000000000
01000101000010000001100000000000
01000100111111111011000000000000
01000100111011101011000000000000
01000100110111010011000000000000
01000100110011010011000000000000
01000100101110110111000000000000
01000100101010101111000000000000
01000100100110011001000000000000
01000100100010000101000000000000
01000100011011111000000000000000
01000100010011100010000000000000
01000100001011001000000000000000
01000100000010000110000000000000
01000011110011011100000000000000
01000011100010111100000000000000
01000011000011010000000000000000
01000110010001000000011000000000
01000110001111011110101000000000
01000110001101111101011000000000
01000110001100011010011000000000
01000110001010111010011000000000
01000110001001010110111000000000
01000110000111110101111000000000
01000110000110010011001000000000
01000110000100110000101000000000
01000110000011001111100000000000
01000110000001101110001000000000
01000110000000001100100000000000
01000101111101010000110000000000
01000101111010001101110000000000
01000101110111001011110000000000
01000101110100000110100000000000
01000101110001000000110000000000
01000101101101111101010000000000
01000101101010111010110000000000
01000101100111110100110000000000
01000101100100110100110000000000
01000101100001101101110000000000
01000101011101010111100000000000
01000101010111001100100000000000
01000101010001000010100000000000
01000101001010111110000000000000
01000101000100111000100000000000
01000100111101100100000000000000
01000100110001000011000000000000
01000100100100110111000000000000
01000100010001011110000000000000
01000011110001101000000000000000
01000101100010000000110000000000
01000101100000111101010000000000
01000101011111110101100000000000
01000101011101101001100000000000
01000101011011101001100000000000
01000101011001011011100000000000
01000101010111010111100000000000
01000101010101001100100000000000
01000101010011000010100000000000
01000101010000111110000000000000
01000101001110111000100000000000
01000101001100110010000000000000
01000101001010100001100000000000
01000101001000011011100000000000
01000101000110010111100000000000
01000101000100001101000000000000
01000101000010000001100000000000
01000100111111111011000000000000
01000100111011101011000000000000
01000100110111010011000000000000
01000100110011010011000000000000
01000100101110110111000000000000
01000100101010101111000000000000
01000100100110011001000000000000
01000100100010000101000000000000
01000100011011111000000000000000
01000100010011100010000000000000
01000100001011001000000000000000
01000100000010000110000000000000
01000011110011011100000000000000
01000011100010111100000000000000
01000011000011010000000000000000
01000110010001000000011000000000
01000110001111011110101000000000
01000110001101111101011000000000
01000110001100011010011000000000
01000110001010111010011000000000
01000110001001010110111000000000
01000110000111110101111000000000
01000110000110010011001000000000
01000110000100110000101000000000
01000110000011001111100000000000
01000110000001101110001000000000
01000110000000001100100000000000
01000101111101010000110000000000
01000101111010001101110000000000
01000101110111001011110000000000
01000101110100000110100000000000
01000101110001000000110000000000
01000101101101111101010000000000
01000101101010111010110000000000
01000101100111110100110000000000
01000101100100110100110000000000
01000101100001101101110000000000
01000101011101010111100000000000
01000101010111001100100000000000
01000101010001000010100000000000
01000101001010111110000000000000
01000101000100111000100000000000
01000100111101100100000000000000
01000100110001000011000000000000
01000100100100110111000000000000
01000100010001011110000000000000
01000011110001101000000000000000
01000101100010000000110000000000
01000101100000111101010000000000
01000101011111110101100000000000
01000101011101101001100000000000
01000101011011101001100000000000
01000101011001011011100000000000
01000101010111010111100000000000
01000101010101001100100000000000
01000101010011000010100000000000
01000101010000111110000000000000
01000101001110111000100000000000
01000101001100110010000000000000
01000101001010100001100000000000
01000101001000011011100000000000
01000101000110010111100000000000
01000101000100001101000000000000
01000101000010000001100000000000
01000100111111111011000000000000
01000100111011101011000000000000
01000100110111010011000000000000
01000100110011010011000000000000
01000100101110110111000000000000
01000100101010101111000000000000
01000100100110011001000000000000
01000100100010000101000000000000
01000100011011111000000000000000
01000100010011100010000000000000
01000100001011001000000000000000
01000100000010000110000000000000
01000011110011011100000000000000
01000011100010111100000000000000
01000011000011010000000000000000
01000110010001000000011000000000
01000110001111011110101000000000
01000110001101111101011000000000
01000110001100011010011000000000
01000110001010111010011000000000
01000110001001010110111000000000
01000110000111110101111000000000
01000110000110010011001000000000
01000110000100110000101000000000
01000110000011001111100000000000
01000110000001101110001000000000
01000110000000001100100000000000
01000101111101010000110000000000
01000101111010001101110000000000
01000101110111001011110000000000
01000101110100000110100000000000
01000101110001000000110000000000
01000101101101111101010000000000
01000101101010111010110000000000
01000101100111110100110000000000
01000101100100110100110000000000
01000101100001101101110000000000
01000101011101010111100000000000
01000101010111001100100000000000
01000101010001000010100000000000
01000101001010111110000000000000
01000101000100111000100000000000
01000100111101100100000000000000
01000100110001000011000000000000
01000100100100110111000000000000
01000100010001011110000000000000
01000011110001101000000000000000





