[[ -74    3   80   -5   -9    2  145   -8   69    7  -73   -1   -8    4
    -2    6]
 [   5  193   -7 -100    1   17    6   48   -3  -37    8  -51   -2  117
     4  -83]
 [ -24   -2   24    7  -81   -6  -79    1    7    5   11   -4   21    8
    53    3]
 [  -6  -92    8  181   -4 -116    3   46    2  -20   -1  111    7  -85
    -5   51]
 [ -76    4  100   -3  -43    8  193   -7  -25   -2    3    5   28    1
  -100    2]
 [   7   72   -5 -135    6  183   -1 -165    4  110   -8  -76    3   65
    -6    2]
 [  76   -8  -76    2   17    4  -81    5   71   -6  -23    7  -27   -3
   147    1]
 [   3   35    6  105   -7 -126   -2  193    8 -176    1  134   -4    8
     2  -48]
 [ -52    1   88   -4  -63   -3   45    6  -61    8   31    2  118   -7
   -10    5]
 [  -1   23    2 -113    5   95   -7 -162    6  175   -3 -166    8   37
     1   42]
 [ -19    5    5    8   93   -1  -31   -4  162    3 -157    6   -7   -2
    88   -7]
 [   4  -50   -6   84    2 -117    8  123   -5 -148    7  171    1  -66
    -3  -51]
 [  18   -7   16    1  -41    5  139    3 -170   -4  159   -2   28    6
  -147    8]
 [   2  134    3 -121   -8   65    4  -27   -1   38    5  -81   -6  213
     7 -143]
 [  66    6  -84   -2  110    7 -110   -5   65    1  -60   -3   41    5
   192   -4]
 [  -4  -97    1   66    3  -55   -6  -52    7   22    2   32   -5 -132
     8  159]]
