11111111111111111111111110110110 00000000000000000000000000000011 00000000000000000000000001010000 11111111111111111111111111111011 11111111111111111111111111110111 00000000000000000000000000000010 00000000000000000000000010010001 11111111111111111111111111111000 00000000000000000000000001000101 00000000000000000000000000000111 11111111111111111111111110110111 11111111111111111111111111111111 11111111111111111111111111111000 00000000000000000000000000000100 11111111111111111111111111111110 00000000000000000000000000000110
00000000000000000000000000000101 00000000000000000000000011000001 11111111111111111111111111111001 11111111111111111111111110011100 00000000000000000000000000000001 00000000000000000000000000010001 00000000000000000000000000000110 00000000000000000000000000110000 11111111111111111111111111111101 11111111111111111111111111011011 00000000000000000000000000001000 11111111111111111111111111001101 11111111111111111111111111111110 00000000000000000000000001110101 00000000000000000000000000000100 11111111111111111111111110101101
11111111111111111111111111101000 11111111111111111111111111111110 00000000000000000000000000011000 00000000000000000000000000000111 11111111111111111111111110101111 11111111111111111111111111111010 11111111111111111111111110110001 00000000000000000000000000000001 00000000000000000000000000000111 00000000000000000000000000000101 00000000000000000000000000001011 11111111111111111111111111111100 00000000000000000000000000010101 00000000000000000000000000001000 00000000000000000000000000110101 00000000000000000000000000000011
11111111111111111111111111111010 11111111111111111111111110100100 00000000000000000000000000001000 00000000000000000000000010110101 11111111111111111111111111111100 11111111111111111111111110001100 00000000000000000000000000000011 00000000000000000000000000101110 00000000000000000000000000000010 11111111111111111111111111101100 11111111111111111111111111111111 00000000000000000000000001101111 00000000000000000000000000000111 11111111111111111111111110101011 11111111111111111111111111111011 00000000000000000000000000110011
11111111111111111111111110110100 00000000000000000000000000000100 00000000000000000000000001100100 11111111111111111111111111111101 11111111111111111111111111010101 00000000000000000000000000001000 00000000000000000000000011000001 11111111111111111111111111111001 11111111111111111111111111100111 11111111111111111111111111111110 00000000000000000000000000000011 00000000000000000000000000000101 00000000000000000000000000011100 00000000000000000000000000000001 11111111111111111111111110011100 00000000000000000000000000000010
00000000000000000000000000000111 00000000000000000000000001001000 11111111111111111111111111111011 11111111111111111111111101111001 00000000000000000000000000000110 00000000000000000000000010110111 11111111111111111111111111111111 11111111111111111111111101011011 00000000000000000000000000000100 00000000000000000000000001101110 11111111111111111111111111111000 11111111111111111111111110110100 00000000000000000000000000000011 00000000000000000000000001000001 11111111111111111111111111111010 00000000000000000000000000000010
00000000000000000000000001001100 11111111111111111111111111111000 11111111111111111111111110110100 00000000000000000000000000000010 00000000000000000000000000010001 00000000000000000000000000000100 11111111111111111111111110101111 00000000000000000000000000000101 00000000000000000000000001000111 11111111111111111111111111111010 11111111111111111111111111101001 00000000000000000000000000000111 11111111111111111111111111100101 11111111111111111111111111111101 00000000000000000000000010010011 00000000000000000000000000000001
00000000000000000000000000000011 00000000000000000000000000100011 00000000000000000000000000000110 00000000000000000000000001101001 11111111111111111111111111111001 11111111111111111111111110000010 11111111111111111111111111111110 00000000000000000000000011000001 00000000000000000000000000001000 11111111111111111111111101010000 00000000000000000000000000000001 00000000000000000000000010000110 11111111111111111111111111111100 00000000000000000000000000001000 00000000000000000000000000000010 11111111111111111111111111010000
11111111111111111111111111001100 00000000000000000000000000000001 00000000000000000000000001011000 11111111111111111111111111111100 11111111111111111111111111000001 11111111111111111111111111111101 00000000000000000000000000101101 00000000000000000000000000000110 11111111111111111111111111000011 00000000000000000000000000001000 00000000000000000000000000011111 00000000000000000000000000000010 00000000000000000000000001110110 11111111111111111111111111111001 11111111111111111111111111110110 00000000000000000000000000000101
11111111111111111111111111111111 00000000000000000000000000010111 00000000000000000000000000000010 11111111111111111111111110001111 00000000000000000000000000000101 00000000000000000000000001011111 11111111111111111111111111111001 11111111111111111111111101011110 00000000000000000000000000000110 00000000000000000000000010101111 11111111111111111111111111111101 11111111111111111111111101011010 00000000000000000000000000001000 00000000000000000000000000100101 00000000000000000000000000000001 00000000000000000000000000101010
11111111111111111111111111101101 00000000000000000000000000000101 00000000000000000000000000000101 00000000000000000000000000001000 00000000000000000000000001011101 11111111111111111111111111111111 11111111111111111111111111100001 11111111111111111111111111111100 00000000000000000000000010100010 00000000000000000000000000000011 11111111111111111111111101100011 00000000000000000000000000000110 11111111111111111111111111111001 11111111111111111111111111111110 00000000000000000000000001011000 11111111111111111111111111111001
00000000000000000000000000000100 11111111111111111111111111001110 11111111111111111111111111111010 00000000000000000000000001010100 00000000000000000000000000000010 11111111111111111111111110001011 00000000000000000000000000001000 00000000000000000000000001111011 11111111111111111111111111111011 11111111111111111111111101101100 00000000000000000000000000000111 00000000000000000000000010101011 00000000000000000000000000000001 11111111111111111111111110111110 11111111111111111111111111111101 11111111111111111111111111001101
00000000000000000000000000010010 11111111111111111111111111111001 00000000000000000000000000010000 00000000000000000000000000000001 11111111111111111111111111010111 00000000000000000000000000000101 00000000000000000000000010001011 00000000000000000000000000000011 11111111111111111111111101010110 11111111111111111111111111111100 00000000000000000000000010011111 11111111111111111111111111111110 00000000000000000000000000011100 00000000000000000000000000000110 11111111111111111111111101101101 00000000000000000000000000001000
00000000000000000000000000000010 00000000000000000000000010000110 00000000000000000000000000000011 11111111111111111111111110000111 11111111111111111111111111111000 00000000000000000000000001000001 00000000000000000000000000000100 11111111111111111111111111100101 11111111111111111111111111111111 00000000000000000000000000100110 00000000000000000000000000000101 11111111111111111111111110101111 11111111111111111111111111111010 00000000000000000000000011010101 00000000000000000000000000000111 11111111111111111111111101110001
00000000000000000000000001000010 00000000000000000000000000000110 11111111111111111111111110101100 11111111111111111111111111111110 00000000000000000000000001101110 00000000000000000000000000000111 11111111111111111111111110010010 11111111111111111111111111111011 00000000000000000000000001000001 00000000000000000000000000000001 11111111111111111111111111000100 11111111111111111111111111111101 00000000000000000000000000101001 00000000000000000000000000000101 00000000000000000000000011000000 11111111111111111111111111111100
11111111111111111111111111111100 11111111111111111111111110011111 00000000000000000000000000000001 00000000000000000000000001000010 00000000000000000000000000000011 11111111111111111111111111001001 11111111111111111111111111111010 11111111111111111111111111001100 00000000000000000000000000000111 00000000000000000000000000010110 00000000000000000000000000000010 00000000000000000000000000100000 11111111111111111111111111111011 11111111111111111111111101111100 00000000000000000000000000001000 00000000000000000000000010011111