01000101001000000001100000000000
01000101000101111010100000000000
01000101000011110101100000000000
01000101000001101001100000000000
01000100111111010011000000000000
01000100111010110111000000000000
01000100110110101111000000000000
01000100110010011001000000000000
01000101111100000001010000000000
01000101111000111111000000000000
01000101110101111100010000000000
01000101110010111001000000000000
01000101101111110000110000000000
01000101101100101101110000000000
01000101101001101011110000000000
01000101100110100110100000000000
01000101001000000001100000000000
01000101000101111010100000000000
01000101000011110101100000000000
01000101000001101001100000000000
01000100111111010011000000000000
01000100111010110111000000000000
01000100110110101111000000000000
01000100110010011001000000000000
01000101111100000001010000000000
01000101111000111111000000000000
01000101110101111100010000000000
01000101110010111001000000000000
01000101101111110000110000000000
01000101101100101101110000000000
01000101101001101011110000000000
01000101100110100110100000000000
01000101001000000001100000000000
01000101000101111010100000000000
01000101000011110101100000000000
01000101000001101001100000000000
01000100111111010011000000000000
01000100111010110111000000000000
01000100110110101111000000000000
01000100110010011001000000000000
01000101111100000001010000000000
01000101111000111111000000000000
01000101110101111100010000000000
01000101110010111001000000000000
01000101101111110000110000000000
01000101101100101101110000000000
01000101101001101011110000000000
01000101100110100110100000000000
01000101001000000001100000000000
01000101000101111010100000000000
01000101000011110101100000000000
01000101000001101001100000000000
01000100111111010011000000000000
01000100111010110111000000000000
01000100110110101111000000000000
01000100110010011001000000000000
01000101111100000001010000000000
01000101111000111111000000000000
01000101110101111100010000000000
01000101110010111001000000000000
01000101101111110000110000000000
01000101101100101101110000000000
01000101101001101011110000000000
01000101100110100110100000000000
01000101001000000001100000000000
01000101000101111010100000000000
01000101000011110101100000000000
01000101000001101001100000000000
01000100111111010011000000000000
01000100111010110111000000000000
01000100110110101111000000000000
01000100110010011001000000000000
01000101111100000001010000000000
01000101111000111111000000000000
01000101110101111100010000000000
01000101110010111001000000000000
01000101101111110000110000000000
01000101101100101101110000000000
01000101101001101011110000000000
01000101100110100110100000000000
01000101001000000001100000000000
01000101000101111010100000000000
01000101000011110101100000000000
01000101000001101001100000000000
01000100111111010011000000000000
01000100111010110111000000000000
01000100110110101111000000000000
01000100110010011001000000000000
01000101111100000001010000000000
01000101111000111111000000000000
01000101110101111100010000000000
01000101110010111001000000000000
01000101101111110000110000000000
01000101101100101101110000000000
01000101101001101011110000000000
01000101100110100110100000000000
01000101001000000001100000000000
01000101000101111010100000000000
01000101000011110101100000000000
01000101000001101001100000000000
01000100111111010011000000000000
01000100111010110111000000000000
01000100110110101111000000000000
01000100110010011001000000000000
01000101111100000001010000000000
01000101111000111111000000000000
01000101110101111100010000000000
01000101110010111001000000000000
01000101101111110000110000000000
01000101101100101101110000000000
01000101101001101011110000000000
01000101100110100110100000000000
01000101001000000001100000000000
01000101000101111010100000000000
01000101000011110101100000000000
01000101000001101001100000000000
01000100111111010011000000000000
01000100111010110111000000000000
01000100110110101111000000000000
01000100110010011001000000000000
01000101111100000001010000000000
01000101111000111111000000000000
01000101110101111100010000000000
01000101110010111001000000000000
01000101101111110000110000000000
01000101101100101101110000000000
01000101101001101011110000000000
01000101100110100110100000000000
01000101001000000001100000000000
01000101000101111010100000000000
01000101000011110101100000000000
01000101000001101001100000000000
01000100111111010011000000000000
01000100111010110111000000000000
01000100110110101111000000000000
01000100110010011001000000000000
01000101111100000001010000000000
01000101111000111111000000000000
01000101110101111100010000000000
01000101110010111001000000000000
01000101101111110000110000000000
01000101101100101101110000000000
01000101101001101011110000000000
01000101100110100110100000000000
01000101001000000001100000000000
01000101000101111010100000000000
01000101000011110101100000000000
01000101000001101001100000000000
01000100111111010011000000000000
01000100111010110111000000000000
01000100110110101111000000000000
01000100110010011001000000000000
01000101111100000001010000000000
01000101111000111111000000000000
01000101110101111100010000000000
01000101110010111001000000000000
01000101101111110000110000000000
01000101101100101101110000000000
01000101101001101011110000000000
01000101100110100110100000000000
01000101001000000001100000000000
01000101000101111010100000000000
01000101000011110101100000000000
01000101000001101001100000000000
01000100111111010011000000000000
01000100111010110111000000000000
01000100110110101111000000000000
01000100110010011001000000000000
01000101111100000001010000000000
01000101111000111111000000000000
01000101110101111100010000000000
01000101110010111001000000000000
01000101101111110000110000000000
01000101101100101101110000000000
01000101101001101011110000000000
01000101100110100110100000000000
01000101001000000001100000000000
01000101000101111010100000000000
01000101000011110101100000000000
01000101000001101001100000000000
01000100111111010011000000000000
01000100111010110111000000000000
01000100110110101111000000000000
01000100110010011001000000000000
01000101111100000001010000000000
01000101111000111111000000000000
01000101110101111100010000000000
01000101110010111001000000000000
01000101101111110000110000000000
01000101101100101101110000000000
01000101101001101011110000000000
01000101100110100110100000000000
01000101001000000001100000000000
01000101000101111010100000000000
01000101000011110101100000000000
01000101000001101001100000000000
01000100111111010011000000000000
01000100111010110111000000000000
01000100110110101111000000000000
01000100110010011001000000000000
01000101111100000001010000000000
01000101111000111111000000000000
01000101110101111100010000000000
01000101110010111001000000000000
01000101101111110000110000000000
01000101101100101101110000000000
01000101101001101011110000000000
01000101100110100110100000000000
01000101001000000001100000000000
01000101000101111010100000000000
01000101000011110101100000000000
01000101000001101001100000000000
01000100111111010011000000000000
01000100111010110111000000000000
01000100110110101111000000000000
01000100110010011001000000000000
01000101111100000001010000000000
01000101111000111111000000000000
01000101110101111100010000000000
01000101110010111001000000000000
01000101101111110000110000000000
01000101101100101101110000000000
01000101101001101011110000000000
01000101100110100110100000000000
01000101001000000001100000000000
01000101000101111010100000000000
01000101000011110101100000000000
01000101000001101001100000000000
01000100111111010011000000000000
01000100111010110111000000000000
01000100110110101111000000000000
01000100110010011001000000000000
01000101111100000001010000000000
01000101111000111111000000000000
01000101110101111100010000000000
01000101110010111001000000000000
01000101101111110000110000000000
01000101101100101101110000000000
01000101101001101011110000000000
01000101100110100110100000000000
01000101001000000001100000000000
01000101000101111010100000000000
01000101000011110101100000000000
01000101000001101001100000000000
01000100111111010011000000000000
01000100111010110111000000000000
01000100110110101111000000000000
01000100110010011001000000000000
01000101111100000001010000000000
01000101111000111111000000000000
01000101110101111100010000000000
01000101110010111001000000000000
01000101101111110000110000000000
01000101101100101101110000000000
01000101101001101011110000000000
01000101100110100110100000000000
