01000101010010000001100000000000
01000101001111111010100000000000
01000101001101110101100000000000
01000101001011101001100000000000
01000101001001101001100000000000
01000101000111011011100000000000
01000101000101010111100000000000
01000101000011001100100000000000
01000101000001000010100000000000
01000100111101111100000000000000
01000100111001110001000000000000
01000100110101100100000000000000
01000100110001000011000000000000
01000100101100110111000000000000
01000100101000101111000000000000
01000100100100011010000000000000
01000110000100100000011000000000
01000110000010111110101000000000
01000110000001011101011000000000
01000101111111110100110000000000
01000101111100110100110000000000
01000101111001101101110000000000
01000101110110101011110000000000
01000101110011100110010000000000
01000101110000100001010000000000
01000101101101011111000000000000
01000101101010011100010000000000
01000101100111011001000000000000
01000101100100010000110000000000
01000101100001001101110000000000
01000101011100010111100000000000
01000101010110001101000000000000
01000101010010000001100000000000
01000101001111111010100000000000
01000101001101110101100000000000
01000101001011101001100000000000
01000101001001101001100000000000
01000101000111011011100000000000
01000101000101010111100000000000
01000101000011001100100000000000
01000101000001000010100000000000
01000100111101111100000000000000
01000100111001110001000000000000
01000100110101100100000000000000
01000100110001000011000000000000
01000100101100110111000000000000
01000100101000101111000000000000
01000100100100011010000000000000
01000110000100100000011000000000
01000110000010111110101000000000
01000110000001011101011000000000
01000101111111110100110000000000
01000101111100110100110000000000
01000101111001101101110000000000
01000101110110101011110000000000
01000101110011100110010000000000
01000101110000100001010000000000
01000101101101011111000000000000
01000101101010011100010000000000
01000101100111011001000000000000
01000101100100010000110000000000
01000101100001001101110000000000
01000101011100010111100000000000
01000101010110001101000000000000
01000101010010000001100000000000
01000101001111111010100000000000
01000101001101110101100000000000
01000101001011101001100000000000
01000101001001101001100000000000
01000101000111011011100000000000
01000101000101010111100000000000
01000101000011001100100000000000
01000101000001000010100000000000
01000100111101111100000000000000
01000100111001110001000000000000
01000100110101100100000000000000
01000100110001000011000000000000
01000100101100110111000000000000
01000100101000101111000000000000
01000100100100011010000000000000
01000110000100100000011000000000
01000110000010111110101000000000
01000110000001011101011000000000
01000101111111110100110000000000
01000101111100110100110000000000
01000101111001101101110000000000
01000101110110101011110000000000
01000101110011100110010000000000
01000101110000100001010000000000
01000101101101011111000000000000
01000101101010011100010000000000
01000101100111011001000000000000
01000101100100010000110000000000
01000101100001001101110000000000
01000101011100010111100000000000
01000101010110001101000000000000
01000101010010000001100000000000
01000101001111111010100000000000
01000101001101110101100000000000
01000101001011101001100000000000
01000101001001101001100000000000
01000101000111011011100000000000
01000101000101010111100000000000
01000101000011001100100000000000
01000101000001000010100000000000
01000100111101111100000000000000
01000100111001110001000000000000
01000100110101100100000000000000
01000100110001000011000000000000
01000100101100110111000000000000
01000100101000101111000000000000
01000100100100011010000000000000
01000110000100100000011000000000
01000110000010111110101000000000
01000110000001011101011000000000
01000101111111110100110000000000
01000101111100110100110000000000
01000101111001101101110000000000
01000101110110101011110000000000
01000101110011100110010000000000
01000101110000100001010000000000
01000101101101011111000000000000
01000101101010011100010000000000
01000101100111011001000000000000
01000101100100010000110000000000
01000101100001001101110000000000
01000101011100010111100000000000
01000101010110001101000000000000
01000101010010000001100000000000
01000101001111111010100000000000
01000101001101110101100000000000
01000101001011101001100000000000
01000101001001101001100000000000
01000101000111011011100000000000
01000101000101010111100000000000
01000101000011001100100000000000
01000101000001000010100000000000
01000100111101111100000000000000
01000100111001110001000000000000
01000100110101100100000000000000
01000100110001000011000000000000
01000100101100110111000000000000
01000100101000101111000000000000
01000100100100011010000000000000
01000110000100100000011000000000
01000110000010111110101000000000
01000110000001011101011000000000
01000101111111110100110000000000
01000101111100110100110000000000
01000101111001101101110000000000
01000101110110101011110000000000
01000101110011100110010000000000
01000101110000100001010000000000
01000101101101011111000000000000
01000101101010011100010000000000
01000101100111011001000000000000
01000101100100010000110000000000
01000101100001001101110000000000
01000101011100010111100000000000
01000101010110001101000000000000
01000101010010000001100000000000
01000101001111111010100000000000
01000101001101110101100000000000
01000101001011101001100000000000
01000101001001101001100000000000
01000101000111011011100000000000
01000101000101010111100000000000
01000101000011001100100000000000
01000101000001000010100000000000
01000100111101111100000000000000
01000100111001110001000000000000
01000100110101100100000000000000
01000100110001000011000000000000
01000100101100110111000000000000
01000100101000101111000000000000
01000100100100011010000000000000
01000110000100100000011000000000
01000110000010111110101000000000
01000110000001011101011000000000
01000101111111110100110000000000
01000101111100110100110000000000
01000101111001101101110000000000
01000101110110101011110000000000
01000101110011100110010000000000
01000101110000100001010000000000
01000101101101011111000000000000
01000101101010011100010000000000
01000101100111011001000000000000
01000101100100010000110000000000
01000101100001001101110000000000
01000101011100010111100000000000
01000101010110001101000000000000
01000101010010000001100000000000
01000101001111111010100000000000
01000101001101110101100000000000
01000101001011101001100000000000
01000101001001101001100000000000
01000101000111011011100000000000
01000101000101010111100000000000
01000101000011001100100000000000
01000101000001000010100000000000
01000100111101111100000000000000
01000100111001110001000000000000
01000100110101100100000000000000
01000100110001000011000000000000
01000100101100110111000000000000
01000100101000101111000000000000
01000100100100011010000000000000
01000110000100100000011000000000
01000110000010111110101000000000
01000110000001011101011000000000
01000101111111110100110000000000
01000101111100110100110000000000
01000101111001101101110000000000
01000101110110101011110000000000
01000101110011100110010000000000
01000101110000100001010000000000
01000101101101011111000000000000
01000101101010011100010000000000
01000101100111011001000000000000
01000101100100010000110000000000
01000101100001001101110000000000
01000101011100010111100000000000
01000101010110001101000000000000
01000101010010000001100000000000
01000101001111111010100000000000
01000101001101110101100000000000
01000101001011101001100000000000
01000101001001101001100000000000
01000101000111011011100000000000
01000101000101010111100000000000
01000101000011001100100000000000
01000101000001000010100000000000
01000100111101111100000000000000
01000100111001110001000000000000
01000100110101100100000000000000
01000100110001000011000000000000
01000100101100110111000000000000
01000100101000101111000000000000
01000100100100011010000000000000
01000110000100100000011000000000
01000110000010111110101000000000
01000110000001011101011000000000
01000101111111110100110000000000
01000101111100110100110000000000
01000101111001101101110000000000
01000101110110101011110000000000
01000101110011100110010000000000
01000101110000100001010000000000
01000101101101011111000000000000
01000101101010011100010000000000
01000101100111011001000000000000
01000101100100010000110000000000
01000101100001001101110000000000
01000101011100010111100000000000
01000101010110001101000000000000