01000010000000000000000000000000
01000001111110000000000000000000
01000001111100000000000000000000
01000001111010000000000000000000
01000001111000000000000000000000
01000001110110000000000000000000
01000001110100000000000000000000
01000001110010000000000000000000
01000001110000000000000000000000
01000001101110000000000000000000
01000001101100000000000000000000
01000001101010000000000000000000
01000001101000000000000000000000
01000001100110000000000000000000
01000001100100000000000000000000
01000001100010000000000000000000
01000001100000000000000000000000
01000001011100000000000000000000
01000001011000000000000000000000
01000001010100000000000000000000
01000001010000000000000000000000
01000001001100000000000000000000
01000001001000000000000000000000
01000001000100000000000000000000
01000001000000000000000000000000
01000000111000000000000000000000
01000000110000000000000000000000
01000000101000000000000000000000
01000000100000000000000000000000
01000000010000000000000000000000
01000000000000000000000000000000
00111111100000000000000000000000
01000010000000000000000000000000
01000001111110000000000000000000
01000001111100000000000000000000
01000001111010000000000000000000
01000001111000000000000000000000
01000001110110000000000000000000
01000001110100000000000000000000
01000001110010000000000000000000
01000001110000000000000000000000
01000001101110000000000000000000
01000001101100000000000000000000
01000001101010000000000000000000
01000001101000000000000000000000
01000001100110000000000000000000
01000001100100000000000000000000
01000001100010000000000000000000
01000001100000000000000000000000
01000001011100000000000000000000
01000001011000000000000000000000
01000001010100000000000000000000
01000001010000000000000000000000
01000001001100000000000000000000
01000001001000000000000000000000
01000001000100000000000000000000
01000001000000000000000000000000
01000000111000000000000000000000
01000000110000000000000000000000
01000000101000000000000000000000
01000000100000000000000000000000
01000000010000000000000000000000
01000000000000000000000000000000
00111111100000000000000000000000
01000010000000000000000000000000
01000001111110000000000000000000
01000001111100000000000000000000
01000001111010000000000000000000
01000001111000000000000000000000
01000001110110000000000000000000
01000001110100000000000000000000
01000001110010000000000000000000
01000001110000000000000000000000
01000001101110000000000000000000
01000001101100000000000000000000
01000001101010000000000000000000
01000001101000000000000000000000
01000001100110000000000000000000
01000001100100000000000000000000
01000001100010000000000000000000
01000001100000000000000000000000
01000001011100000000000000000000
01000001011000000000000000000000
01000001010100000000000000000000
01000001010000000000000000000000
01000001001100000000000000000000
01000001001000000000000000000000
01000001000100000000000000000000
01000001000000000000000000000000
01000000111000000000000000000000
01000000110000000000000000000000
01000000101000000000000000000000
01000000100000000000000000000000
01000000010000000000000000000000
01000000000000000000000000000000
00111111100000000000000000000000
01000010000000000000000000000000
01000001111110000000000000000000
01000001111100000000000000000000
01000001111010000000000000000000
01000001111000000000000000000000
01000001110110000000000000000000
01000001110100000000000000000000
01000001110010000000000000000000
01000001110000000000000000000000
01000001101110000000000000000000
01000001101100000000000000000000
01000001101010000000000000000000
01000001101000000000000000000000
01000001100110000000000000000000
01000001100100000000000000000000
01000001100010000000000000000000
01000001100000000000000000000000
01000001011100000000000000000000
01000001011000000000000000000000
01000001010100000000000000000000
01000001010000000000000000000000
01000001001100000000000000000000
01000001001000000000000000000000
01000001000100000000000000000000
01000001000000000000000000000000
01000000111000000000000000000000
01000000110000000000000000000000
01000000101000000000000000000000
01000000100000000000000000000000
01000000010000000000000000000000
01000000000000000000000000000000
00111111100000000000000000000000
01000010000000000000000000000000
01000001111110000000000000000000
01000001111100000000000000000000
01000001111010000000000000000000
01000001111000000000000000000000
01000001110110000000000000000000
01000001110100000000000000000000
01000001110010000000000000000000
01000001110000000000000000000000
01000001101110000000000000000000
01000001101100000000000000000000
01000001101010000000000000000000
01000001101000000000000000000000
01000001100110000000000000000000
01000001100100000000000000000000
01000001100010000000000000000000
01000001100000000000000000000000
01000001011100000000000000000000
01000001011000000000000000000000
01000001010100000000000000000000
01000001010000000000000000000000
01000001001100000000000000000000
01000001001000000000000000000000
01000001000100000000000000000000
01000001000000000000000000000000
01000000111000000000000000000000
01000000110000000000000000000000
01000000101000000000000000000000
01000000100000000000000000000000
01000000010000000000000000000000
01000000000000000000000000000000
00111111100000000000000000000000
01000010000000000000000000000000
01000001111110000000000000000000
01000001111100000000000000000000
01000001111010000000000000000000
01000001111000000000000000000000
01000001110110000000000000000000
01000001110100000000000000000000
01000001110010000000000000000000
01000001110000000000000000000000
01000001101110000000000000000000
01000001101100000000000000000000
01000001101010000000000000000000
01000001101000000000000000000000
01000001100110000000000000000000
01000001100100000000000000000000
01000001100010000000000000000000
01000001100000000000000000000000
01000001011100000000000000000000
01000001011000000000000000000000
01000001010100000000000000000000
01000001010000000000000000000000
01000001001100000000000000000000
01000001001000000000000000000000
01000001000100000000000000000000
01000001000000000000000000000000
01000000111000000000000000000000
01000000110000000000000000000000
01000000101000000000000000000000
01000000100000000000000000000000
01000000010000000000000000000000
01000000000000000000000000000000
00111111100000000000000000000000
01000010000000000000000000000000
01000001111110000000000000000000
01000001111100000000000000000000
01000001111010000000000000000000
01000001111000000000000000000000
01000001110110000000000000000000
01000001110100000000000000000000
01000001110010000000000000000000
01000001110000000000000000000000
01000001101110000000000000000000
01000001101100000000000000000000
01000001101010000000000000000000
01000001101000000000000000000000
01000001100110000000000000000000
01000001100100000000000000000000
01000001100010000000000000000000
01000001100000000000000000000000
01000001011100000000000000000000
01000001011000000000000000000000
01000001010100000000000000000000
01000001010000000000000000000000
01000001001100000000000000000000
01000001001000000000000000000000
01000001000100000000000000000000
01000001000000000000000000000000
01000000111000000000000000000000
01000000110000000000000000000000
01000000101000000000000000000000
01000000100000000000000000000000
01000000010000000000000000000000
01000000000000000000000000000000
00111111100000000000000000000000
01000010000000000000000000000000
01000001111110000000000000000000
01000001111100000000000000000000
01000001111010000000000000000000
01000001111000000000000000000000
01000001110110000000000000000000
01000001110100000000000000000000
01000001110010000000000000000000
01000001110000000000000000000000
01000001101110000000000000000000
01000001101100000000000000000000
01000001101010000000000000000000
01000001101000000000000000000000
01000001100110000000000000000000
01000001100100000000000000000000
01000001100010000000000000000000
01000001100000000000000000000000
01000001011100000000000000000000
01000001011000000000000000000000
01000001010100000000000000000000
01000001010000000000000000000000
01000001001100000000000000000000
01000001001000000000000000000000
01000001000100000000000000000000
01000001000000000000000000000000
01000000111000000000000000000000
01000000110000000000000000000000
01000000101000000000000000000000
01000000100000000000000000000000
01000000010000000000000000000000
01000000000000000000000000000000
00111111100000000000000000000000