4352.5， 4216.5， 4080.5， 3944.5， 3808.5， 3672.5， 3536.5， 3400.5， 3264.5， 3128.5， 2992.5， 2856.5， 2720.5， 2584.5， 2448.5， 2312.5， 
2176.5，2040.5, 1904.5, 1768.5, 1632.5, 1496.5, 1360.5, 1224.5, 1088.5, 952.5, 816.5, 680.5, 544.5, 408.5, 272.5, 136.5, 
12544.5, 12152.5, 11760.5, 11368.5, 10976.5, 10584.5, 10192.5, 9800.5, 9408.5, 9016.5, 8624.5, 8232.5, 7840.5, 7448.5, 7056.5, 6664.5, 
6272.5, 5880.5, 5488.5, 5096.5, 4704.5, 4312.5, 3920.5, 3528.5, 3136.5, 2744.5, 2352.5, 1960.5, 1568.5, 1176.5, 784.5, 392.5,
4352.5， 4216.5， 4080.5， 3944.5， 3808.5， 3672.5， 3536.5， 3400.5， 3264.5， 3128.5， 2992.5， 2856.5， 2720.5， 2584.5， 2448.5， 2312.5， 
2176.5，2040.5, 1904.5, 1768.5, 1632.5, 1496.5, 1360.5, 1224.5, 1088.5, 952.5, 816.5, 680.5, 544.5, 408.5, 272.5, 136.5, 
12544.5, 12152.5, 11760.5, 11368.5, 10976.5, 10584.5, 10192.5, 9800.5, 9408.5, 9016.5, 8624.5, 8232.5, 7840.5, 7448.5, 7056.5, 6664.5, 
6272.5, 5880.5, 5488.5, 5096.5, 4704.5, 4312.5, 3920.5, 3528.5, 3136.5, 2744.5, 2352.5, 1960.5, 1568.5, 1176.5, 784.5, 392.5,
4352.5， 4216.5， 4080.5， 3944.5， 3808.5， 3672.5， 3536.5， 3400.5， 3264.5， 3128.5， 2992.5， 2856.5， 2720.5， 2584.5， 2448.5， 2312.5， 
2176.5，2040.5, 1904.5, 1768.5, 1632.5, 1496.5, 1360.5, 1224.5, 1088.5, 952.5, 816.5, 680.5, 544.5, 408.5, 272.5, 136.5, 
12544.5, 12152.5, 11760.5, 11368.5, 10976.5, 10584.5, 10192.5, 9800.5, 9408.5, 9016.5, 8624.5, 8232.5, 7840.5, 7448.5, 7056.5, 6664.5, 
6272.5, 5880.5, 5488.5, 5096.5, 4704.5, 4312.5, 3920.5, 3528.5, 3136.5, 2744.5, 2352.5, 1960.5, 1568.5, 1176.5, 784.5, 392.5,
4352.5， 4216.5， 4080.5， 3944.5， 3808.5， 3672.5， 3536.5， 3400.5， 3264.5， 3128.5， 2992.5， 2856.5， 2720.5， 2584.5， 2448.5， 2312.5， 
2176.5，2040.5, 1904.5, 1768.5, 1632.5, 1496.5, 1360.5, 1224.5, 1088.5, 952.5, 816.5, 680.5, 544.5, 408.5, 272.5, 136.5, 
12544.5, 12152.5, 11760.5, 11368.5, 10976.5, 10584.5, 10192.5, 9800.5, 9408.5, 9016.5, 8624.5, 8232.5, 7840.5, 7448.5, 7056.5, 6664.5, 
6272.5, 5880.5, 5488.5, 5096.5, 4704.5, 4312.5, 3920.5, 3528.5, 3136.5, 2744.5, 2352.5, 1960.5, 1568.5, 1176.5, 784.5, 392.5,