01000101100010000000010000000000
01000101100000111100010000000000
01000101011111110000100000000000
01000101011101101000100000000000
01000101011011100000100000000000
01000101011001011000100000000000
01000101010111010000100000000000
01000101010101001000100000000000
01000101010011000000100000000000
01000101010000111000100000000000
01000101001110110000100000000000
01000101001100101000100000000000
01000101001010100000100000000000
01000101001000011000100000000000
01000101000110010000100000000000
01000101000100001000100000000000
01000101000010000000100000000000
01000100111111110001000000000000
01000100111011100001000000000000
01000100110111010001000000000000
01000100110011000001000000000000
01000100101110110001000000000000
01000100101010100001000000000000
01000100100110010001000000000000
01000100100010000001000000000000
01000100011011100010000000000000
01000100010011000010000000000000
01000100001010100010000000000000
01000100000010000010000000000000
01000011110011000100000000000000
01000011100010000100000000000000
01000011000010001000000000000000
01000110010001000000001000000000
01000110001111011110001000000000
01000110001101111100001000000000
01000110001100011010001000000000
01000110001010111000001000000000
01000110001001010110001000000000
01000110000111110100001000000000
01000110000110010010001000000000
01000110000100110000001000000000
01000110000011001110001000000000
01000110000001101100001000000000
01000110000000001010001000000000
01000101111101010000010000000000
01000101111010001100010000000000
01000101110111001000010000000000
01000101110100000100010000000000
01000101110001000000010000000000
01000101101101111100010000000000
01000101101010111000010000000000
01000101100111110100010000000000
01000101100100110000010000000000
01000101100001101100010000000000
01000101011101010000100000000000
01000101010111001000100000000000
01000101010001000000100000000000
01000101001010111000100000000000
01000101000100110000100000000000
01000100111101010001000000000000
01000100110001000001000000000000
01000100100100110001000000000000
01000100010001000010000000000000
01000011110001000100000000000000
01000101100010000000010000000000
01000101100000111100010000000000
01000101011111110000100000000000
01000101011101101000100000000000
01000101011011100000100000000000
01000101011001011000100000000000
01000101010111010000100000000000
01000101010101001000100000000000
01000101010011000000100000000000
01000101010000111000100000000000
01000101001110110000100000000000
01000101001100101000100000000000
01000101001010100000100000000000
01000101001000011000100000000000
01000101000110010000100000000000
01000101000100001000100000000000
01000101000010000000100000000000
01000100111111110001000000000000
01000100111011100001000000000000
01000100110111010001000000000000
01000100110011000001000000000000
01000100101110110001000000000000
01000100101010100001000000000000
01000100100110010001000000000000
01000100100010000001000000000000
01000100011011100010000000000000
01000100010011000010000000000000
01000100001010100010000000000000
01000100000010000010000000000000
01000011110011000100000000000000
01000011100010000100000000000000
01000011000010001000000000000000
01000110010001000000001000000000
01000110001111011110001000000000
01000110001101111100001000000000
01000110001100011010001000000000
01000110001010111000001000000000
01000110001001010110001000000000
01000110000111110100001000000000
01000110000110010010001000000000
01000110000100110000001000000000
01000110000011001110001000000000
01000110000001101100001000000000
01000110000000001010001000000000
01000101111101010000010000000000
01000101111010001100010000000000
01000101110111001000010000000000
01000101110100000100010000000000
01000101110001000000010000000000
01000101101101111100010000000000
01000101101010111000010000000000
01000101100111110100010000000000
01000101100100110000010000000000
01000101100001101100010000000000
01000101011101010000100000000000
01000101010111001000100000000000
01000101010001000000100000000000
01000101001010111000100000000000
01000101000100110000100000000000
01000100111101010001000000000000
01000100110001000001000000000000
01000100100100110001000000000000
01000100010001000010000000000000
01000011110001000100000000000000
01000101100010000000010000000000
01000101100000111100010000000000
01000101011111110000100000000000
01000101011101101000100000000000
01000101011011100000100000000000
01000101011001011000100000000000
01000101010111010000100000000000
01000101010101001000100000000000
01000101010011000000100000000000
01000101010000111000100000000000
01000101001110110000100000000000
01000101001100101000100000000000
01000101001010100000100000000000
01000101001000011000100000000000
01000101000110010000100000000000
01000101000100001000100000000000
01000101000010000000100000000000
01000100111111110001000000000000
01000100111011100001000000000000
01000100110111010001000000000000
01000100110011000001000000000000
01000100101110110001000000000000
01000100101010100001000000000000
01000100100110010001000000000000
01000100100010000001000000000000
01000100011011100010000000000000
01000100010011000010000000000000
01000100001010100010000000000000
01000100000010000010000000000000
01000011110011000100000000000000
01000011100010000100000000000000
01000011000010001000000000000000
01000110010001000000001000000000
01000110001111011110001000000000
01000110001101111100001000000000
01000110001100011010001000000000
01000110001010111000001000000000
01000110001001010110001000000000
01000110000111110100001000000000
01000110000110010010001000000000
01000110000100110000001000000000
01000110000011001110001000000000
01000110000001101100001000000000
01000110000000001010001000000000
01000101111101010000010000000000
01000101111010001100010000000000
01000101110111001000010000000000
01000101110100000100010000000000
01000101110001000000010000000000
01000101101101111100010000000000
01000101101010111000010000000000
01000101100111110100010000000000
01000101100100110000010000000000
01000101100001101100010000000000
01000101011101010000100000000000
01000101010111001000100000000000
01000101010001000000100000000000
01000101001010111000100000000000
01000101000100110000100000000000
01000100111101010001000000000000
01000100110001000001000000000000
01000100100100110001000000000000
01000100010001000010000000000000
01000011110001000100000000000000
01000101100010000000010000000000
01000101100000111100010000000000
01000101011111110000100000000000
01000101011101101000100000000000
01000101011011100000100000000000
01000101011001011000100000000000
01000101010111010000100000000000
01000101010101001000100000000000
01000101010011000000100000000000
01000101010000111000100000000000
01000101001110110000100000000000
01000101001100101000100000000000
01000101001010100000100000000000
01000101001000011000100000000000
01000101000110010000100000000000
01000101000100001000100000000000
01000101000010000000100000000000
01000100111111110001000000000000
01000100111011100001000000000000
01000100110111010001000000000000
01000100110011000001000000000000
01000100101110110001000000000000
01000100101010100001000000000000
01000100100110010001000000000000
01000100100010000001000000000000
01000100011011100010000000000000
01000100010011000010000000000000
01000100001010100010000000000000
01000100000010000010000000000000
01000011110011000100000000000000
01000011100010000100000000000000
01000011000010001000000000000000
01000110010001000000001000000000
01000110001111011110001000000000
01000110001101111100001000000000
01000110001100011010001000000000
01000110001010111000001000000000
01000110001001010110001000000000
01000110000111110100001000000000
01000110000110010010001000000000
01000110000100110000001000000000
01000110000011001110001000000000
01000110000001101100001000000000
01000110000000001010001000000000
01000101111101010000010000000000
01000101111010001100010000000000
01000101110111001000010000000000
01000101110100000100010000000000
01000101110001000000010000000000
01000101101101111100010000000000
01000101101010111000010000000000
01000101100111110100010000000000
01000101100100110000010000000000
01000101100001101100010000000000
01000101011101010000100000000000
01000101010111001000100000000000
01000101010001000000100000000000
01000101001010111000100000000000
01000101000100110000100000000000
01000100111101010001000000000000
01000100110001000001000000000000
01000100100100110001000000000000
01000100010001000010000000000000
01000011110001000100000000000000










